home = ( -0.001826167605, -2.006054473, 0.01651158292, 3.176019424, -0.009962967996, 0.009962967997, -0.03647442594 );
zeroangle = ( 4.031301511, 4.164757839, 5.614369684, 6.000932842, 4.641825864, 3.615592717, 4.585068575 );