home = ( -0.001314840675, -2.016235761, 0.02139207843, 3.144828481 );
zeroangle = ( 4.404058842, 5.424156066, 3.672350006, 4.775282193 );
