home = ( -0.002775774759, -2.012651948, -0.05154168149, 3.015377547 );
zeroangle = ( 4.499165651, 5.513126952, 3.7766607, 4.404058842 );
