home = ( -0.0006574203379, -2.037792942, 0.007206712991, 3.130085222, 0.02901912109, -0.05313582935, -0.08353157275 );
zeroangle = ( 4.0880588, 4.316621937, 2.412951779, 0.2929903305, 1.698116732, 1.274738035, 1.2455924 );
